$ 1 0.000005 9.001713130052181 50 5 50 5e-11
t 528 240 576 240 0 -1 10.792148312667912 -0.6410245792171687 100 default
t 752 240 704 240 0 -1 16.8726315593898 4.886348271411083 100 default
w 576 224 576 176 0
w 704 224 704 176 0
w 704 176 640 176 0
w 640 176 640 160 0
r 640 160 640 112 0 6200
w 640 176 576 176 0
R 640 112 640 64 0 0 40 36 0 0 0.5
w 528 208 528 240 0
w 528 240 528 272 0
r 528 208 448 208 0 560
r 528 272 448 272 0 5600
w 752 208 752 240 0
w 752 240 752 272 0
r 752 208 832 208 0 560
r 752 272 832 272 0 5600
w 416 208 448 208 0
w 576 256 576 320 0
w 704 256 704 320 0
r 576 320 576 384 0 100
r 704 320 704 384 0 100
w 704 384 640 384 0
34 zener-2.7 1 1.7143528192810002e-7 0 2.0000000000000084 2.7 1
z 640 448 640 384 2 zener-2.7
w 640 384 576 384 0
w 640 448 800 448 0
R 1152 448 1152 528 0 0 40 -15 0 0 0.5
c 800 496 864 496 0 4.7000000000000004e-8 -15 0.001
g 928 496 928 528 0 0
w 800 448 1104 448 0
t 1008 320 1056 320 0 1 -12.625058737535518 0.12746327065666208 100 default
t 1200 320 1152 320 0 1 -0.9461229157697097 0.6805736667502966 100 default
w 1008 320 704 320 0
w 1056 336 1056 368 0
w 1152 336 1152 368 0
w 1056 368 1104 368 0
r 1104 368 1104 448 0 95.3
w 1104 368 1152 368 0
w 1104 448 1152 448 0
w 1056 304 1056 272 0
w 1152 304 1152 272 0
w 832 272 1056 272 0
r 1056 272 1056 208 0 432
r 1152 272 1152 208 0 432
w 1056 208 1152 208 0
g 1200 208 1200 240 0 0
w 1152 208 1200 208 0
w 1232 320 1232 560 0
w 1200 560 480 560 0
w 480 560 480 320 0
w 480 320 576 320 0
w 1152 272 1264 272 0
w 448 272 448 576 0
w 448 576 1264 576 0
w 1264 576 1264 272 0
w 1264 272 1408 272 2
v 352 176 352 96 4 5 100 5 0 0 0.5
v 352 176 352 256 4 5 5 5 0 3.141592653589793 0.5
g 288 176 288 240 0 0
w 288 176 352 176 0
w 352 256 416 256 0
w 416 256 416 208 0
w 352 96 352 48 0
w 352 48 832 48 0
w 832 48 832 208 0
w 800 448 800 496 0
r 864 496 928 496 0 0.000001
403 416 64 624 176 0 6_64_7_4610_0.0001_0.0001_-1_1_0.42532141523119593
x 654 126 748 129 4 14 R36\s(1/4W\sCF)
403 864 336 1088 448 0 36_64_7_4610_0.0001_0.0001_-1_1_0.13916865886213958
x 1120 396 1215 399 4 14 R48\s(1/8W\sMF)
w 1200 320 1232 320 0
w 1200 560 1232 560 0
x 557 -50 1178 -47 4 24 Datron\s4xxx\sreference\sdivider\sswitch\sdriver\sflip-flop\s(RST2)
403 848 144 1040 256 0 42_64_7_4618_0.0001_0.0001_-1_1_0.001054327284520775
x 1053 197 1148 200 4 14 R46\s(1/8W\sMF)
x 453 -18 1324 -15 4 24 frequencies\sare\swrong\sbut\sit\sdoesn't\smatter\sto\sestimate\sR38/R48\spower\sdissipation
o 63 4 0 12810 5 0.0001 0 5 63 3 57 0 57 3 36 3
